Model 1: 
- Batch 8: 


- Batch 64: 
accuracy = 
[0.5174406230449676,
 0.5002808988094329,
 0.5396628379821777,
 0.5641346156597138,
 0.5588470935821533,
 0.5824195146560669,
 0.6333329260349274,
 0.6032360672950745,
 0.6688183665275573,
 0.7084645628929138,
 0.7208680510520935,
 0.7571608901023865,
 0.7515187740325928,
 0.7898017048835755,
 0.8145527958869934,
 0.8258120894432068,
 0.8339834690093995,
 0.8131665349006653,
 0.8429852843284606,
 0.8463659524917603,
 0.8424290299415589,
 0.8545314073562622,
 0.837931501865387,
 0.8542520761489868,
 0.8579108834266662,
 0.8590356588363648,
 0.8626909136772156,
 0.8671931862831116,
 0.8643762946128846,
 0.8587527871131897,
 0.8556613326072693,
 0.8714149832725525,
 0.864936888217926,
 0.867192006111145,
 0.8680386662483215,
 0.8716946959495544,
 0.870851993560791,
 0.8629741787910461,
 0.8528345346450805,
 0.8722596645355225,
 0.8761973738670349,
 0.8747869491577148,
 0.866352093219757,
 0.8761973738670349,
 0.8750726103782653,
 0.8587448716163635,
 0.8716935038566589,
 0.877885925769806,
 0.8792927861213684,
 0.8756343960762024]

precision 
[0.4093943893909454,
 0.19929637312889098,
 0.22931944131851195,
 0.4610467731952667,
 0.47177876234054567,
 0.3574052333831787,
 0.5881124198436737,
 0.5292494177818299,
 0.6277030110359192,
 0.7556839704513549,
 0.7392150521278381,
 0.7727118849754333,
 0.7797183513641357,
 0.8240674495697021,
 0.8016374230384826,
 0.8321928977966309,
 0.8296828150749207,
 0.8040179252624512,
 0.8560738682746887,
 0.843398141860962,
 0.8488151788711548,
 0.875712251663208,
 0.8473222136497498,
 0.868681812286377,
 0.8873543739318848,
 0.870269525051117,
 0.8801072597503662,
 0.8825635194778443,
 0.8604698896408081,
 0.8928993701934814,
 0.8979073405265808,
 0.8884479999542236,
 0.871914291381836,
 0.8726188778877259,
 0.8895702004432678,
 0.8785296201705932,
 0.8836721777915955,
 0.8613214731216431,
 0.8502618312835694,
 0.8969873428344727,
 0.8947992920875549,
 0.8775986552238464,
 0.8485179781913758,
 0.8629917740821839,
 0.8720344424247741,
 0.8476545572280884,
 0.9044752240180969,
 0.8928837299346923,
 0.8972684025764466,
 0.896672534942627]

recall 

[0.7892655372619629,
 0.4,
 0.36957746744155884,
 0.7259886980056762,
 0.5757062152028084,
 0.5542436599731445,
 0.9362091302871705,
 0.5984355926513671,
 0.8870470404624939,
 0.7014768838882446,
 0.7482167482376099,
 0.7752462863922119,
 0.7582446217536927,
 0.7503779888153076,
 0.8396323680877685,
 0.8278077602386474,
 0.8447553277015686,
 0.8514617800712585,
 0.8306246519088745,
 0.8543439149856568,
 0.8390689969062806,
 0.8311737179756165,
 0.8373915791511536,
 0.8368107080459595,
 0.8221532583236695,
 0.8464629769325256,
 0.8402005434036255,
 0.8469817876815796,
 0.8701583504676819,
 0.8170207619667054,
 0.8057293057441711,
 0.8486814856529236,
 0.8588207364082336,
 0.8611426711082458,
 0.8441855788230896,
 0.8622233033180237,
 0.8560563564300537,
 0.8751874089241027,
 0.8701042532920837,
 0.8424540638923645,
 0.8531837463378906,
 0.8729800343513489,
 0.8983783006668091,
 0.896656334400177,
 0.8819686532020569,
 0.8836651682853699,
 0.8339985847473145,
 0.8588700532913208,
 0.8588239192962647,
 0.8509206771850586]

loss

[0.6937726855278015,
 0.6935758948326111,
 0.6907039999961853,
 0.6880375027656556,
 0.683154571056366,
 0.6755276203155518,
 0.661179530620575,
 0.6539974093437195,
 0.6257867097854615,
 0.591042673587799,
 0.5736359357833862,
 0.5232839226722718,
 0.4981845498085022,
 0.47114030122756956,
 0.4250357747077942,
 0.41855396032333375,
 0.4033128321170807,
 0.41357743740081787,
 0.3846300482749939,
 0.37450053691864016,
 0.37400596737861636,
 0.37337190508842466,
 0.3824606120586395,
 0.3640232026576996,
 0.36242387294769285,
 0.3562414228916168,
 0.34662017822265623,
 0.3441091954708099,
 0.34163851141929624,
 0.3566397190093994,
 0.36405796408653257,
 0.336078143119812,
 0.34201413989067075,
 0.33603712916374207,
 0.33926953077316285,
 0.321413654088974,
 0.3302190065383911,
 0.33859114050865174,
 0.3476591885089874,
 0.32514227628707887,
 0.3178817629814148,
 0.31232293248176574,
 0.32471528053283694,
 0.305577826499939,
 0.3014454185962677,
 0.3369981825351715,
 0.30937073230743406,
 0.28889826536178587,
 0.29624511003494264,
 0.2955503582954407]


Model 2:

- Batch 8: 

accuracy = 
[0.8368114709854126,
0.8750749826431274,
0.8857665181159973,
0.8953336834907532,
0.8902628540992736,
0.9088385701179504,
0.9139030456542969,
0.9178395628929138,
0.9141902923583984,
0.9217812538146972,
0.9189659357070923,
0.9321855545043946,
0.9282537937164307,
0.9290984749794007,
0.9395055413246155,
0.93781977891922,
0.933597981929779,
0.9336003661155701,
0.9423208713531495,
0.9319003105163575,
0.9411980628967285,
0.9392258286476135,
0.9420391678810119,
0.9425974011421203,
0.9459792733192444,
0.9426033616065979,
0.9487926006317139,
0.9456987619400025,
0.9465418577194213,
0.9459788799285889,
0.9476670265197754,
0.9459792613983155,
0.9471040487289428,
0.9473861336708069,
0.9465418577194213,
0.9462605714797974,
0.9468231558799743,
0.9476678252220154,
0.946260952949524,
0.9468239426612854,
0.9456971883773804,
0.9471052289009094,
0.9476674199104309,
0.9476674318313598,
0.9479491233825683,
0.9473865270614624,
0.9479491233825683,
0.9471048355102539,
0.9473861336708069,
0.9473861455917358]

precision = 

[0.8368638277053833,
0.9069985151290894,
0.9017256736755371,
0.911078405380249,
0.8885815501213074,
0.932566499710083,
0.9209632635116577,
0.9321152091026306,
0.9342580199241638,
0.9356387972831726,
0.9133161187171936,
0.9340341448783874,
0.9352540016174317,
0.9294811844825744,
0.9428507328033447,
0.9542778849601745,
0.9490458726882934,
0.9329533457756043,
0.9450620770454407,
0.9162545800209045,
0.9511802554130554,
0.9383117079734802,
0.9476360440254211,
0.9375823855400085,
0.9538451075553894,
0.9395759224891662,
0.953347361087799,
0.9526865720748902,
0.9538047075271606,
0.9489671945571899,
0.9522148847579956,
0.9504929065704346,
0.9491299152374267,
0.9501453042030334,
0.9495527029037476,
0.9490437507629395,
0.9490906596183777,
0.95169438123703,
0.9500619053840638,
0.9505922555923462,
0.9485012531280518,
0.9527500987052917,
0.9522711277008057,
0.9507223844528199,
0.9533513784408569,
0.9506415605545044,
0.9522553205490112,
0.951713478565216,
0.9506558895111084,
0.951194453239441]

recall =

[0.8476343035697937,
0.8362982392311096,
0.8673557758331298,
0.8803135395050049,
0.8994970917701721,
0.8820068597793579,
0.9057070255279541,
0.9011856555938721,
0.892142939567566,
0.9074242234230041,
0.9282852053642273,
0.9305466890335083,
0.9209644436836243,
0.9288644909858703,
0.9361963868141174,
0.9198328852653503,
0.9170112133026123,
0.9356218934059143,
0.9395894289016724,
0.9531344175338745,
0.9299785137176514,
0.9401384830474854,
0.9356393933296203,
0.9486162185668945,
0.9373311161994934,
0.9463642954826355,
0.9435346603393555,
0.9378992795944214,
0.9384642481803894,
0.9424078941345215,
0.9424079060554504,
0.9407145977020264,
0.9446678042411805,
0.9441028118133545,
0.9429744720458985,
0.9429728746414184,
0.9441028356552124,
0.9429760575294495,
0.9418429255485534,
0.9424095034599305,
0.9424110889434815,
0.9407161712646485,
0.9424110889434815,
0.9441044092178345,
0.9418445348739624,
0.9435394406318665,
0.9429728865623475,
0.9418445229530334,
0.9435394406318665,
0.9429744839668274]

loss =
[0.39792749285697937,
0.3233552038669586,
0.2958535611629486,
0.2776218831539154,
0.2785062789916992,
0.23547136187553405,
0.22605767250061035,
0.21137038767337799,
0.2244315564632416,
0.20350882709026336,
0.2068124979734421,
0.18452624678611756,
0.1864053040742874,
0.18167424201965332,
0.1666674792766571,
0.16712174713611602,
0.17396945357322693,
0.16598983407020568,
0.15721724033355713,
0.17308228611946105,
0.15399608612060547,
0.15597647428512573,
0.14699390530586243,
0.15152013301849365,
0.14529024362564086,
0.14790007770061492,
0.14514209628105162,
0.14819037020206452,
0.14765813052654267,
0.14477168023586273,
0.14807074069976806,
0.14820161163806916,
0.1471799224615097,
0.1478980541229248,
0.14895704686641692,
0.15081075727939605,
0.14954600632190704,
0.14992741346359253,
0.1502163827419281,
0.14939241707324982,
0.15087103247642517,
0.15185012817382812,
0.15165958404541016,
0.15141992568969725,
0.15242989361286163,
0.15216502845287322,
0.15293579399585724,
0.15356294810771942,
0.15296120643615724,
0.15408117473125457]

- batch 64: 

accuracy = 

[0.7560590982437134,
0.810639250278473,
0.8193652987480163,
0.8261107921600341,
0.8266777515411377,
0.8455303907394409,
0.8520033121109009,
0.8565040230751038,
0.8407428383827209,
0.8615681052207946,
0.8570638418197631,
0.864658772945404,
0.8702874064445496,
0.8728214502334595,
0.8663453459739685,
0.8759164810180664,
0.873385226726532,
0.8778855443000794,
0.8809793710708618,
0.8745108127593995,
0.8818216681480407,
0.8860454320907593,
0.8871718049049377,
0.8784354329109192,
0.8866104125976563,
0.8913868427276611,
0.8877316117286682,
0.899548351764679,
0.8972928285598755,
0.9006739139556885,
0.9037728905677795,
0.9032079339027405,
0.8823842644691468,
0.897009551525116,
0.8851975798606873,
0.8930809617042541,
0.9085497617721557,
0.9153087258338928,
0.9088409543037415,
0.9105251431465149,
0.9124977707862854,
0.9079942822456359,
0.9077114224433899,
0.9158733010292053,
0.9195289254188538,
0.8939343333244324,
0.9293781757354737,
0.9161545872688294,
0.9254384636878967,
0.9257225394248962]

precision =

[0.7740428805351257,
0.8848724961280823,
0.8343134760856629,
0.8813471078872681,
0.8908360242843628,
0.8882177472114563,
0.8461620211601257,
0.8767442584037781,
0.9226157903671265,
0.8803508162498475,
0.9101124167442322,
0.8856950402259827,
0.8861711263656616,
0.8789921998977661,
0.8966439127922058,
0.8898220658302307,
0.9130332589149475,
0.903024697303772,
0.8856848120689392,
0.915144944190979,
0.9239454627037048,
0.8841516494750976,
0.93123779296875,
0.8771569132804871,
0.8908334732055664,
0.92407386302948,
0.9460161805152894,
0.9182266473770142,
0.9024730205535889,
0.897481107711792,
0.9357439160346985,
0.9157579779624939,
0.9109903573989868,
0.909296703338623,
0.8952989220619202,
0.8880389094352722,
0.9353731632232666,
0.9375359177589416,
0.9028122544288635,
0.9488911867141724,
0.9521029472351075,
0.8997496604919434,
0.9194704294204712,
0.9476475596427918,
0.9143374681472778,
0.91388498544693,
0.941986358165741,
0.9169869899749756,
0.9528713583946228,
0.9152949810028076]

recall = 

[0.781422781944275,
0.7143248200416565,
0.8113567352294921,
0.7611267685890197,
0.7498082399368287,
0.7922352313995361,
0.8655988097190856,
0.8317800760269165,
0.7442444562911987,
0.8385533690452576,
0.7916575312614441,
0.8396498918533325,
0.8503684282302857,
0.8645293235778808,
0.8311705470085144,
0.8588509798049927,
0.8266682624816895,
0.8487196683883667,
0.8768934607505798,
0.8278188943862915,
0.8351698994636536,
0.891566812992096,
0.8368711948394776,
0.889903724193573,
0.8842571973800659,
0.8554165720939636,
0.8221659898757935,
0.8791628956794739,
0.894988477230072,
0.9062672138214112,
0.8684475183486938,
0.889930784702301,
0.8610455989837646,
0.8876327037811279,
0.8887976408004761,
0.9113662958145141,
0.88089919090271,
0.889905321598053,
0.9198169946670532,
0.8690124988555908,
0.8695965647697449,
0.9243160724639893,
0.8983369112014771,
0.88089919090271,
0.9266014337539673,
0.8870581865310669,
0.9153035879135132,
0.9209262490272522,
0.895555031299591,
0.9384674191474914]

loss == 

[0.5151378571987152,
0.43247663974761963,
0.4092792570590973,
0.3901547133922577,
0.38565759658813475,
0.3522167384624481,
0.34913153052330015,
0.33300669193267823,
0.3629818081855774,
0.31678215861320497,
0.3110016882419586,
0.3051146864891052,
0.29647461175918577,
0.291193687915802,
0.2971725344657898,
0.2835961580276489,
0.28784400820732114,
0.2812506675720215,
0.274712347984314,
0.27838122844696045,
0.27043005228042605,
0.26322091221809385,
0.26839569211006165,
0.27989667654037476,
0.2572434425354004,
0.25654215514659884,
0.26254935562610626,
0.24368015229701995,
0.24555582106113433,
0.23563411831855774,
0.23484208881855012,
0.23121179938316344,
0.2737977862358093,
0.24617061913013458,
0.2750900983810425,
0.2489657461643219,
0.22456017434597014,
0.21464439034461974,
0.22691237032413483,
0.2227165699005127,
0.2203673392534256,
0.21940660774707793,
0.2207878887653351,
0.21207007467746736,
0.19669534862041474,
0.26323206424713136,
0.18932678401470185,
0.20846295952796937,
0.2000987321138382,
0.18894635140895844]

Model 3: 
- Batch 8: 

accuracy =
[0.8297747731208801,
0.8657867074012756,
0.8908215045928956,
0.9009559988975525,
0.9062966227531433,
0.9234670519828796,
0.9215007543563842,
0.8970265984535217,
0.9290913343429565,
0.9251567721366882,
0.9364073514938355,
0.9350080251693725,
0.9445696234703064,
0.9521673440933227,
0.9468211650848388,
0.9572318315505981,
0.9451330065727234,
0.9462597727775574,
0.9549810767173768,
0.9541379809379578,
0.9552639484405517,
0.9583573937416077,
0.9327584505081177,
0.9487862586975098,
0.9555416822433471,
0.9482272505760193,
0.9549790859222412,
0.93922860622406,
0.9380998611450195,
0.9589187979698182,
0.9538511514663697,
0.9617349028587341,
0.9476595044136047,
0.9504811644554139,
0.9513238549232483,
0.9524494290351868,
0.9437305092811584,
0.9504795670509338,
0.9513230562210083,
0.8950302004814148,
0.9000879287719726,
0.7371834874153137,
0.8691357016563416,
0.8778704762458801,
0.8978363990783691,
0.8725128293037414,
0.8691226243972778,
0.8806632161140442,
0.7754537224769592,
0.7729363322257996]

precision =

[0.8085718035697937,
0.829792058467865,
0.8664652228355407,
0.8867987275123597,
0.9094528317451477,
0.920645534992218,
0.9209161281585694,
0.8989369392395019,
0.9376793742179871,
0.9282046794891358,
0.9441028118133545,
0.9387794733047485,
0.945883846282959,
0.9520069837570191,
0.9606643676757812,
0.9606623530387879,
0.9521403312683105,
0.9436929821968079,
0.9587974429130555,
0.9679621815681457,
0.9701056241989136,
0.9628599524497986,
0.9156834006309509,
0.956919252872467,
0.9591533541679382,
0.9619541168212891,
0.9635195136070251,
0.945712411403656,
0.9205573916435241,
0.9652262687683105,
0.969842004776001,
0.9712205171585083,
0.9484661817550659,
0.9555757641792297,
0.9734606504440307,
0.9599383473396301,
0.9575494170188904,
0.9568987369537354,
0.9617713809013366,
0.9045603632926941,
0.9414109826087952,
0.8335437297821044,
0.9240554332733154,
0.9399485468864441,
0.8984499454498291,
0.912024176120758,
0.8715695858001709,
0.8973287343978882,
0.8499618291854858,
0.808551037311554]

recall =

[0.8763125777244568,
0.9232179641723632,
0.9249065279960632,
0.9192488551139831,
0.9017458558082581,
0.9277186393737793,
0.9243208408355713,
0.902296495437622,
0.9198074340820312,
0.9231829524040223,
0.9288390398025512,
0.9327795028686523,
0.9440853118896484,
0.9531169056892395,
0.9322288632392883,
0.9536962032318115,
0.9378833532333374,
0.9497350335121155,
0.9514251708984375,
0.9395798444747925,
0.9395782709121704,
0.9536850690841675,
0.9559513211250306,
0.9401353001594543,
0.9519917368888855,
0.9339333295822143,
0.9457882046699524,
0.9328145384788513,
0.9615978360176086,
0.9520092248916626,
0.9367581844329834,
0.9514410734176636,
0.9474799156188964,
0.9446678042411805,
0.9277154445648194,
0.9452263951301575,
0.9288390398025512,
0.9446693778038024,
0.9395671367645264,
0.8892925977706909,
0.8536882400512695,
0.6858948230743408,
0.7989544153213501,
0.8068035304546356,
0.900014328956604,
0.8305275797843933,
0.8842046737670899,
0.8565131068229676,
0.7260507673025132,
0.6724071070551872] 

loss = 

[0.42091125845909116,
0.35881211757659914,
0.30274527668952944,
0.2833194762468338,
0.2661712259054184,
0.23052530288696288,
0.21140669286251068,
0.2541233658790588,
0.17805134057998656,
0.2092919647693634,
0.1613449841737747,
0.1785305604338646,
0.14855592846870422,
0.14654320180416108,
0.14248041361570357,
0.12536998242139816,
0.16312542855739592,
0.15610118508338927,
0.12962304055690765,
0.1341431424021721,
0.12305401116609574,
0.12794831842184068,
0.19580101668834687,
0.1433359757065773,
0.135264852643013,
0.16493095755577086,
0.13466664105653764,
0.17307767570018767,
0.176970075070858,
0.1315974235534668,
0.15315630435943603,
0.10947673320770264,
0.1481903001666069,
0.13868679851293564,
0.15424525439739228,
0.13308739066123962,
0.17820225805044174,
0.14284121096134186,
0.14744791239500046,
0.26401226669549943,
0.24365093410015107,
0.6209829181432724,
0.3063349097967148,
0.28382413685321806,
0.2626014590263367,
0.29958486557006836,
0.3187629163265228,
0.2891287624835968,
0.6685070633888245,
0.4604710519313812]

- Batch 64:

accuracy= 

[0.7746248960494995,
0.834551215171814,
0.8508694291114807,
0.8635351896286011,
0.8604385852813721,
0.874229097366333,
0.8916673541069031,
0.8767651200294495,
0.8722612380981445,
0.8492010831832886,
0.8981482028961182,
0.9088369965553283,
0.8880236148834229,
0.905184519290924,
0.9262799859046936,
0.9212206482887269,
0.9195269465446472,
0.9347235560417175,
0.9445696234703064,
0.9524498105049133,
0.937252426147461,
0.9428842544555665,
0.9465386748313904,
0.9501927495002747,
0.9547009587287902,
0.9527307152748108,
0.9549767255783081,
0.9575162768363953,
0.9597638607025146,
0.9645490288734436,
0.9547017574310303,
0.9130072712898254,
0.9603276491165161,
0.959763479232788,
0.9389508843421936,
0.965109646320343,
0.9693302273750305,
0.9420459151268006,
0.9611742973327637,
0.96482754945755,
0.9704577803611756,
0.970738697052002,
0.9682082176208496,
0.970173716545105,
0.9547041416168213,
0.9696146965026855,
0.9251694679260254,
0.9645498156547546,
0.9698952198028564,
0.9451298356056214]

precision = 

[0.7754345536231995,
0.8573860049247741,
0.8480234861373901,
0.8511608004570007,
0.8748016595840454,
0.8870137453079223,
0.9241939544677734,
0.8847821593284607,
0.9412211179733276,
0.9192801713943481,
0.9517975926399231,
0.9132281899452209,
0.9422482013702392,
0.9547517538070679,
0.951835823059082,
0.938262116909027,
0.9307433485984802,
0.9608906626701355,
0.950134003162384,
0.9621688842773437,
0.9494685053825378,
0.9438018560409546,
0.9440946698188781,
0.9469151139259339,
0.9627375960350036,
0.9536362171173096,
0.9698685526847839,
0.9709774851799011,
0.9637420535087585,
0.968213927745819,
0.9748458385467529,
0.913122582435608,
0.9735719442367554,
0.9784396290779114,
0.9325383424758911,
0.9718807578086853,
0.9786676883697509,
0.9653093934059143,
0.9556896209716796,
0.9777432680130005,
0.9804525017738343,
0.9723371505737305,
0.9772419452667236,
0.9746822357177735,
0.9636346936225891,
0.979821789264679,
0.9838309526443482,
0.9774400949478149,
0.9707968235015869,
0.9608410835266114]

recall = 

[0.7843256115913391,
0.8023617506027222,
0.8560070276260376,
0.8819941282272339,
0.8482104063034057,
0.8650863528251648,
0.8532171607017517,
0.8802705526351928,
0.798356032371521,
0.778392618894577,
0.8384690046310425,
0.9056926846504212,
0.8339396953582764,
0.8520506143569946,
0.8989703178405761,
0.905681562423706,
0.9073716878890992,
0.9063022375106812,
0.9390196681022644,
0.9418317794799804,
0.9265871047973633,
0.9424015402793884,
0.9503079771995544,
0.9553879380226136,
0.9463547468185425,
0.9525710225105286,
0.9390053391456604,
0.9435362577438354,
0.9559688210487366,
0.9604742765426636,
0.9333603978157043,
0.9350362062454224,
0.9463834047317505,
0.9401591539382934,
0.9570876240730286,
0.9582048416137695,
0.9593379616737365,
0.9182207465171814,
0.9683775067329407,
0.9514235734939576,
0.9599156618118286,
0.9689409017562867,
0.9587793588638306,
0.9655478596687317,
0.9463499665260315,
0.9587809324264527,
0.8646980226039886,
0.9508729457855225,
0.9689408898353576,
0.9299562454223633]

loss = 

[0.5536575436592102,
0.4218461275100708,
0.3992340564727783,
0.3709315359592438,
0.36757898330688477,
0.34100202322006223,
0.30406486988067627,
0.3523372381925583,
0.3389031827449799,
0.4161912351846695,
0.27696876525878905,
0.2657378792762756,
0.2803434878587723,
0.25409599840641023,
0.2093997299671173,
0.22511962950229644,
0.2436039239168167,
0.18782612681388855,
0.18143437802791595,
0.1444592922925949,
0.1802598625421524,
0.18843757212162018,
0.162525936961174,
0.1580252930521965,
0.14339106231927873,
0.15160624533891678,
0.14509924799203872,
0.13089118599891664,
0.1410276010632515,
0.11941343545913696,
0.14189622551202774,
0.38705726712942123,
0.1430084824562073,
0.13791322708129883,
0.255968751013279,
0.12907264828681947,
0.10613958686590194,
0.20836681127548218,
0.14037901014089585,
0.13237321078777314,
0.11548691093921662,
0.11626847237348556,
0.11568236947059632,
0.117564757168293,
0.19175706654787064,
0.1267446607351303,
0.35640796571969985,
0.1458037815988064,
0.11600897908210754,
0.2414362296462059]

Model 4 

-Batch 8:
accuracy = 
[0.8238604545593262,
0.8973066926002502,
0.9102414608001709,
0.8607400774955749,
0.9406303286552429,
0.9321899175643921,
0.9338808536529541,
0.9265632390975952,
0.940913999080658,
0.9465374946594238,
0.9437229752540588,
0.945132601261139,
0.9513202905654907,
0.9552599906921386,
0.863274097442627,
0.9521637797355652,
0.9546966195106507,
0.9535714268684388,
0.9566680431365967,
0.9524482369422913,
0.9617321372032166,
0.9603252530097961,
0.9620130062103271,
0.9600439548492432,
0.9614504218101502,
0.9620134115219117,
0.9614504337310791,
0.9611695408821106,
0.9617321372032166,
0.9620134353637695,
0.9620134234428406,
0.9622947216033936,
0.9622943162918091,
0.9625756144523621,
0.9620130181312561,
0.9620130300521851,
0.9620130300521851,
0.9622943282127381,
0.9622943282127381,
0.9622943282127381,
0.9622943282127381,
0.9622943282127381,
0.9622943282127381,
0.9622943282127381,
0.9622943282127381,
0.9622943282127381,
0.9622943282127381,
0.9622943282127381,
0.9622943282127381,
0.9622943282127381]

precision = 
[0.8921948432922363,
0.9444404244422913,
0.955413281917572,
0.9814726114273071,
0.9717113018035889,
0.9768457651138306,
0.9765214681625366,
0.9758433938026428,
0.9825007081031799,
0.9742932915687561,
0.9695016384124756,
0.9791922092437744,
0.9701441407203675,
0.9720213770866394,
0.8841836333274842,
0.9765449523925781,
0.9725022435188293,
0.9798718333244324,
0.9759756326675415,
0.978702163696289,
0.976775300502777,
0.9756628751754761,
0.9757618427276611,
0.9770172715187073,
0.9764208197593689,
0.9769195437431335,
0.9758062124252319,
0.9769460320472717,
0.9746444225311279,
0.9746516227722168,
0.9746439337730408,
0.9746587634086609,
0.9741248607635498,
0.9741395115852356,
0.9735761046409607,
0.9730026245117187,
0.9730026245117187,
0.9735513806343079,
0.9735513806343079,
0.9735513806343079,
0.9735513806343079,
0.9735513806343079,
0.9735513806343079,
0.9735513806343079,
0.9735513806343079,
0.9735513806343079,
0.9735513806343079,
0.9735513806343079,
0.9735513806343079,
0.9735513806343079]

recall = 

[0.7754818320274353,
0.8497461557388306,
0.864546823501587,
0.7381777703762055,
0.9079541683197021,
0.88595529794693,
0.889895761013031,
0.8751842141151428,
0.897787868976593,
0.9169969201087952,
0.9169889450073242,
0.9096506834030151,
0.9316686511039733,
0.9373215794563293,
0.9373295187950135,
0.9265902876853943,
0.9361963868141174,
0.9260396361351013,
0.9362027525901795,
0.9249287843704224,
0.9457945585250854,
0.9440980553627014,
0.9474862933158874,
0.9423983693122864,
0.9457882046699524,
0.9463531732559204,
0.9463531732559204,
0.9446582555770874,
0.9480480790138245,
0.9486130595207214,
0.9486130595207214,
0.9491780281066895,
0.9497430086135864,
0.9503079771995544,
0.9497430086135864,
0.9503079771995544,
0.9503079771995544,
0.9503079771995544,
0.9503079771995544,
0.9503079771995544,
0.9503079771995544,
0.9503079771995544,
0.9503079771995544,
0.9503079771995544,
0.9503079771995544,
0.9503079771995544,
0.9503079771995544,
0.9503079771995544,
0.9503079771995544,
0.9503079771995544]

loss = 

[0.5882539033889771,
0.5293054044246673,
0.5136408805847168,
0.4965489566326141,
0.4309185266494751,
0.4422774612903595,
0.40004211068153384,
0.4037348449230194,
0.3638802707195282,
0.35546388626098635,
0.36040454506874087,
0.3406124234199524,
0.3317859947681427,
0.3082010269165039,
0.4404049038887024,
0.3270160913467407,
0.2944196701049805,
0.27763600647449493,
0.2650066077709198,
0.2549326717853546,
0.22413835525512696,
0.221083402633667,
0.20867020189762114,
0.21135001480579377,
0.20236860513687133,
0.19606412649154664,
0.19132919013500213,
0.19335514903068543,
0.18723400831222534,
0.18373185098171235,
0.18092837035655976,
0.17883043885231018,
0.17687053382396697,
0.17509795725345612,
0.17354071140289307,
0.1721776932477951,
0.17082177996635436,
0.1696064829826355,
0.16847335696220397,
0.1674074947834015,
0.16640785336494446,
0.16545695066452026,
0.16457657814025878,
0.16368473172187806,
0.16286929845809936,
0.16207393109798432,
0.16134688556194304,
0.16063940823078154,
0.15995701551437377,
0.1593257576227188]

- Batch 64:

Accuracy = 
[0.8390538930892945,
0.8545345783233642,
0.843848979473114,
0.8423747539520263,
0.8500263452529907,
0.9046148061752319,
0.9124965667724609,
0.9243140935897827,
0.9299363970756531,
0.9338796734809875,
0.934441065788269,
0.93556147813797,
0.9364101409912109,
0.9442855596542359,
0.9124684453010559,
0.9293789744377137,
0.8950587272644043,
0.9417495727539062,
0.9333186626434327,
0.9493524193763733,
0.9544165134429932,
0.9426017642021179,
0.9552619695663452,
0.9566684484481811,
0.9572290539741516,
0.9549783110618592,
0.9575111389160156,
0.9575107455253601,
0.9577932238578797,
0.9580745220184326,
0.9496234059333801,
0.9504704713821411,
0.9544125437736511,
0.9566660523414612,
0.9569481492042542,
0.9563859581947327,
0.9563855648040771,
0.9569481492042542,
0.9563851714134216,
0.9566680431365967,
0.9566680431365967,
0.9563863515853882,
0.9580745220184326,
0.9572302341461182,
0.9566672563552856,
0.9561042666435242,
0.9572302460670471,
0.9569485425949097,
0.9566680550575256,
0.9569489479064941]

precision = 

[0.8975656986236572,
0.8403885841369629,
0.8138048648834229,
0.8140879988670349,
0.8933635950088501,
0.9223469734191895,
0.8864479899406433,
0.9016710519790649,
0.9308206915855408,
0.940450644493103,
0.9358550310134888,
0.9263998150825501,
0.93873131275177,
0.9440347075462341,
0.8939906597137451,
0.9053844094276429,
0.9678219556808472,
0.9331467866897583,
0.9587889552116394,
0.9595572829246521,
0.9478627562522888,
0.9433423280715942,
0.9540258884429932,
0.962559974193573,
0.9577840924263,
0.9530296921730042,
0.9614039540290833,
0.959780466556549,
0.9595362663269043,
0.9574836611747741,
0.9394088983535767,
0.9471366882324219,
0.9502540469169617,
0.9577186226844787,
0.9587738513946533,
0.9587026715278626,
0.9603964209556579,
0.9566890597343445,
0.9561670541763305,
0.9603764295578003,
0.9582178354263305,
0.9576843619346619,
0.9593458294868469,
0.9577332019805909,
0.9576976060867309,
0.9566590070724488,
0.958259391784668,
0.9572020173072815,
0.9587287187576294,
0.9587422728538513]

recall = 


[0.769098436832428,
0.893298327922821,
0.9282533764839173,
0.9406986713409424,
0.8273350954055786,
0.8882358789443969,
0.9537089228630066,
0.9559465289115906,
0.9305530548095703,
0.9282677054405213,
0.9350394010543823,
0.9474815011024476,
0.9356266498565674,
0.9452168464660644,
0.9520044684410095,
0.9644354343414306,
0.8226609468460083,
0.9537057518959046,
0.907933485507965,
0.9384467363357544,
0.9621675848960877,
0.9413145661354065,
0.9565226554870605,
0.9503079771995544,
0.9565242528915405,
0.9570892095565796,
0.9531375885009765,
0.9548325061798095,
0.9559592723846435,
0.9587793469429016,
0.9638625025749207,
0.9548325061798095,
0.9599140644073486,
0.9553958773612976,
0.9548293232917786,
0.9537009716033935,
0.9520060539245605,
0.9570923924446106,
0.9565242409706116,
0.9525726079940796,
0.9548309087753296,
0.9548309087753296,
0.9565258264541626,
0.9565258264541626,
0.9553958773612976,
0.9553942918777466,
0.9559592604637146,
0.9565274119377136,
0.9542659401893616,
0.9548309087753296]

loss = 

[0.6013340353965759,
0.43912396430969236,
0.4090993404388428,
0.3978748440742493,
0.3733138144016266,
0.3036720514297485,
0.2835090339183807,
0.24842188954353334,
0.2485471785068512,
0.2198452442884445,
0.2111442804336548,
0.1961483746767044,
0.19567356407642364,
0.17638587057590485,
0.22168208360671998,
0.18556693494319915,
0.27386569380760195,
0.1613477885723114,
0.18273152112960817,
0.14150215834379196,
0.13360010385513305,
0.15348385721445085,
0.12730083763599395,
0.1270884931087494,
0.12311905473470688,
0.12437072545289993,
0.12232373058795928,
0.12186390310525894,
0.12366634905338288,
0.12206192761659622,
0.14095317274332048,
0.13695213049650193,
0.1310876190662384,
0.12562522739171983,
0.12639162242412566,
0.1268840655684471,
0.1307657241821289,
0.1280040979385376,
0.12843072265386582,
0.13014301508665085,
0.12953754663467407,
0.13005117177963257,
0.13007927536964417,
0.13053178936243057,
0.13141322880983353,
0.1319595292210579,
0.13231437355279924,
0.1320194274187088,
0.13280622512102128,
0.13334392309188842]

Model 5
- Batch 8

accuracy = 

[0.5053533017635345,
0.6556296408176422,
0.7123773217201232,
0.7079538822174072,
0.8207761287689209,
0.8328765153884887,
0.8795721054077148,
0.8891479969024658,
0.9034916043281556,
0.9020764231681824,
0.9299391746520996,
0.9183966159820557,
0.9034844636917114,
0.9380990862846375,
0.9383819580078125,
0.9271206855773926,
0.9456948041915894,
0.9428842425346374,
0.9414769887924195,
0.9451345920562744,
0.9538555026054383,
0.9580765008926392,
0.9485113024711609,
0.9561082482337951,
0.9426045417785645,
0.9549822568893432,
0.9569513082504273,
0.9527315139770508,
0.9563903212547302,
0.9372456908226013,
0.9358582377433777,
0.9558281302452087,
0.9648303270339966,
0.9547021627426148,
0.9625791788101197,
0.9597642660140991,
0.9614544034004211,
0.9631413698196412,
0.9642681241035461,
0.9625787734985352,
0.9608902335166931,
0.9606101036071777,
0.9645494222640991,
0.9667993783950806,
0.9639864444732666,
0.9645494222640991,
0.9620173811912537,
0.9651116132736206,
0.9656734108924866,
0.9634238600730896]

precision = 

[0.598873633146286,
0.7381534159183503,
0.7508548498153687,
0.6987374782562256,
0.8254450678825378,
0.8001165390014648,
0.883429765701294,
0.862846040725708,
0.9176298260688782,
0.9052736639976502,
0.9341355919837951,
0.9443249464035034,
0.8896600246429444,
0.9275087118148804,
0.9344295978546142,
0.9220501899719238,
0.9639141440391541,
0.9249795079231262,
0.9444829821586609,
0.9354500055313111,
0.9481643199920654,
0.9540666103363037,
0.9526579022407532,
0.9497284293174744,
0.9253448128700257,
0.9456703662872314,
0.9454304814338684,
0.9691927671432495,
0.9482736110687255,
0.9520818829536438,
0.9746097803115845,
0.9508116483688355,
0.9730987548828125,
0.9623815655708313,
0.9604140639305114,
0.9586260080337524,
0.9577802538871765,
0.9611108064651489,
0.9640872836112976,
0.9593278765678406,
0.9578320741653442,
0.9554691195487977,
0.9589033126831055,
0.9658541440963745,
0.9605337619781494,
0.9639965891838074,
0.9556813836097717,
0.9631246328353882,
0.9646394371986389,
0.9586552381515503]

recall =

[0.8107360668480397,
0.7525423645973206,
0.7723927736282349,
0.8752988100051879,
0.8610392332077026,
0.9175666570663452,
0.8768711805343627,
0.9350409865379333,
0.8926760792732239,
0.908487331867218,
0.9249017238616943,
0.8932346820831298,
0.9305164337158203,
0.9508824944496155,
0.9435283064842224,
0.9412445425987244,
0.9265711903572083,
0.9655478715896606,
0.9412477254867554,
0.9581984639167785,
0.9604710817337037,
0.9627246141433716,
0.9452088832855224,
0.9638529539108276,
0.9661223888397217,
0.9666730403900147,
0.9706310153007507,
0.9356075644493103,
0.9666730523109436,
0.9231702089309692,
0.8962504982948303,
0.9621564507484436,
0.9559481263160705,
0.9469260931015014,
0.9649828910827637,
0.9610280990600586,
0.9655478715896606,
0.9655415296554566,
0.9644163370132446,
0.9666714668273926,
0.9644163370132446,
0.9672364234924317,
0.9706294417381287,
0.9678030014038086,
0.9678077578544617,
0.9649876713752746,
0.9700596928596497,
0.9672427892684936,
0.9666746377944946,
0.9689313530921936]

loss = 

[0.7029196858406067,
0.598166024684906,
0.5438540041446686,
0.5108146131038666,
0.4023751258850098,
0.3613684594631195,
0.28302874565124514,
0.26664240956306456,
0.2444238245487213,
0.2399083971977234,
0.18699799180030824,
0.21292608380317687,
0.23310189247131347,
0.16458430588245393,
0.16046417951583863,
0.18385301232337953,
0.15592080950737,
0.15015002191066742,
0.15618603378534318,
0.14431273341178893,
0.12665585279464722,
0.12672632932662964,
0.1345878556370735,
0.13021054863929749,
0.15255046039819717,
0.1329212889075279,
0.12572951465845109,
0.13774742037057877,
0.13041517734527588,
0.1793070673942566,
0.19231543987989425,
0.12929256856441498,
0.11244143098592758,
0.12843812704086305,
0.1160872682929039,
0.12212135046720504,
0.11703045964241028,
0.1188506841659546,
0.11395584344863892,
0.12957920879125595,
0.12389957308769226,
0.12683125138282775,
0.11255563497543335,
0.11432499587535858,
0.12230847179889678,
0.12158175110816956,
0.1277119681239128,
0.11979437470436097,
0.11951465606689453,
0.12347009629011155] 

Batch 64 

accuracy = 
[0.7371834874153137,
0.7563360452651977,
0.7597084045410156,
0.7650573372840881,
0.7768740653991699,
0.7768736720085144,
0.7841876983642578,
0.7926320791244507,
0.8019171476364135,
0.8123270153999329,
0.8095168471336365,
0.8289269208908081,
0.8207571029663085,
0.8311685562133789,
0.8455311775207519,
0.8480541110038757,
0.8638137102127075,
0.8494720697402954,
0.8469420194625854,
0.8612757205963135,
0.8792923927307129,
0.8840759754180908,
0.870012080669403,
0.8626992106437683,
0.87816880941391,
0.877608597278595,
0.8829512119293212,
0.8823894023895263,
0.896172821521759,
0.9003941893577576,
0.8944874286651612,
0.902364456653595,
0.892792534828186,
0.8807024359703064,
0.9023656368255615,
0.897298789024353,
0.9051789760589599,
0.9057371973991394,
0.9088373899459838,
0.9068603873252868,
0.9029298067092896,
0.9164315223693847,
0.8942073225975037,
0.9082748055458069,
0.8691725492477417,
0.8987119793891907,
0.9144644379615784,
0.9096836447715759,
0.9184005856513977,
0.9178411602973938]

precision = 

[0.7909520030021667,
0.8332015991210937,
0.8656982541084289,
0.8114836931228637,
0.8196966052055359,
0.8456952214241028,
0.8928055167198181,
0.8953624248504639,
0.8709899067878724,
0.8798903465270996,
0.9141059756278992,
0.9009422659873962,
0.8663190007209778,
0.8606336116790771,
0.9071990728378296,
0.8547863245010376,
0.8952489733695984,
0.9116727828979492,
0.8869961142539978,
0.8942967057228088,
0.919972813129425,
0.8973004460334778,
0.9004636168479919,
0.855388069152832,
0.9113417863845825,
0.8777308106422425,
0.8885079026222229,
0.9406021714210511,
0.9071131110191345,
0.9143573880195618,
0.9545836567878723,
0.8999644637107849,
0.9392357707023621,
0.9075797319412231,
0.9241240382194519,
0.9273129582405091,
0.9080960869789123,
0.938350522518158,
0.9080180406570435,
0.9326116919517518,
0.922686779499054,
0.9227610349655151,
0.8475482225418091,
0.8879437327384949,
0.8193586945533753,
0.9006468415260315,
0.9342366814613342,
0.9279856443405151,
0.9177168846130371,
0.901048457622528]

recall = 

[0.6849813103675843,
0.6492925882339478,
0.6143630146980286,
0.6956536889076232,
0.7114522218704223,
0.6786934018135071,
0.6448269248008728,
0.662368094921112,
0.7114935994148255,
0.7267382860183715,
0.6855160474777222,
0.7425224900245666,
0.7821277976036072,
0.8115206480026245,
0.771375834941864,
0.8543343782424927,
0.8283774971961975,
0.785461938381195,
0.8198408722877503,
0.8334367871284485,
0.8340128898620606,
0.8706644415855408,
0.8469547390937805,
0.8966404080390931,
0.8442174077033997,
0.8933365225791932,
0.884815800189972,
0.8175761938095093,
0.885417366027832,
0.885356891155243,
0.8277982234954834,
0.9085509657859803,
0.8424254298210144,
0.8639388918876648,
0.8785867810249328,
0.8684427618980408,
0.9040041446685791,
0.8701726794242859,
0.9130707383155823,
0.8797358274459839,
0.883125650882721,
0.9091048121452332,
0.9621803402900696,
0.9367454528808594,
0.9638561367988586,
0.902282178401947,
0.89386967420578,
0.8916654825210572,
0.9198153972625732,
0.9395814538002014]

loss = 

[0.564166808128357,
0.5282493948936462,
0.5118617057800293,
0.500870943069458,
0.47836446166038515,
0.4757256507873535,
0.48243661522865294,
0.46889501214027407,
0.43536701798439026,
0.4251798152923584,
0.4427957534790039,
0.3899385452270508,
0.4042208671569824,
0.39813004732131957,
0.35677157044410707,
0.3609135031700134,
0.3245668768882751,
0.37622100710868833,
0.3856595098972321,
0.3339742302894592,
0.3025881737470627,
0.2940341591835022,
0.3258007049560547,
0.34546111822128295,
0.3005289018154144,
0.3099649131298065,
0.30935037732124326,
0.3288263320922852,
0.2645514369010925,
0.25845045745372774,
0.28873958587646487,
0.2534814357757568,
0.3007300853729248,
0.3211254596710205,
0.2659578323364258,
0.2714289456605911,
0.24972266852855682,
0.27021588385105133,
0.24643538296222686,
0.2722616374492645,
0.26068964302539827,
0.2391485720872879,
0.2826923727989197,
0.2508142441511154,
0.36769610047340395,
0.277566060423851,
0.24650634229183196,
0.27177750170230863,
0.23334043622016906,
0.22035697102546692]
